$ANSIBLE_VAULT;1.1;AES256
62653665373361313261326464643138336132623138643638343736373136396332386330396634
3765333833373966363036346661643837396264393839320a396365366639343138653935303965
62306533306662303163343930313637393739346436666539353035386464316337316331303064
3230663234396563350a313539363836323837366431393266363639653334663065333864373534
34366338613234353330343031373135396230306263646633373739626365646630363536316636
39663763396565616163363736393661326438366166666238313238623137613431663330646535
61323164663064663065306636633637346164306437396662386135386535636233633132666264
33616538663065383265613061316330313434393034313534663666373062386563333461643863
62313564653736316563333462323062343232663632643536333839653530356561626338383362
37373632343562653332363936313563623238393237316631326466313666383939346331363364
35333531373431363765366161343738333430656132356562633463346361326631346330663638
32336166336466303861653337336161623633316366623636653866626335646666323035366234
31316263653131386565626261383238626530386161383161636666643934353139333663333262
39306366383537633630353564636534353239306265363737306264663637383162646538363164
65333335656239303866633765656361313534366330633164663132356638633865363061333166
65363639323139386434353963613334653163363164383935326636396237346636393131626532
34613735343733336630356664663138383237303463363036363364303737646439613665633436
64333637643163633666663839616264373263326137346235623763363834363164666564623830
33356435393836303739663165373163636437303365373564313533623331633336373137323031
35353565386434613231383764613062316634313732636334383432613933653162313166356435
38363736303532353331363335343964643635383833653435343236343862646361636533313432
63313237376166303538363235396361366663333735303833356162316566633666363830396332
64656535656661626433316465633033643233356364376537656530616464326663653834346565
38386436356462626431353734363736633163386234353761313465373638346536663261636163
35666463393037313237346431306333313339353961366333373537316237306662323039366263
32383331383433396132343166613166373662663961636564376564333439653735643831353831
39643033333236613964313564383132363838636162306239313564663963643763656636636366
61306361323563323436376262663433333965333438303539623263383132363736356239376665
63633231383036326366666237633230613132626539376464353737623232306334343531316132
30346335323836383566323833376239633838346562656437626239663738663137303533383833
34626661383836333432356461363063356234306433613235316130323363633261386531316137
39626163333663353932393762633763393165333132356130646632303164306432643564666137
37626433336639653338626637356366613030623135613430393761386630313233333161313633
37386337663065383637396433646131303831633332643938623538623935303436653862323035
36656439643733366464626636386637323334616461653864383861643933373738386465343239
31363436303939353066373838653564616430643236646131666262616661643465313637323831
39376436636561323463393631636631356539313933613631616166326335386434393061333064
38623865306437323230383862306537356462636636333937643035353833626135333733623638
37616136353533333232616638393135623530313761653562353138633439326665356532383664
38383333316535333730633262646230336537623435303562626430383332313362333763383833
61313439633735313331656533356337353862373866333032303734656239393030303364343037
30623635353635323230623561303965323639666566643736333162393535336332363365333965
63376664316130306634303331313461373763343038333066373437656436313236613235336162
63386237643334343062336664656637626230353163373439623234363630316636623030313536
39633061386437353033663939646464613463316466393934663631393331633235333034393035
31346131323634366633633333653636356238386337326139373538383631306431363163303034
66616566316461393233623562316633356131613737613835376532623532346636333634353262
34313832646631653339316234373536313765363666353763326136336533636661396131323832
38336462353736616338323738613835313932333234306262663266623264666230643661626132
63323331663666663566323265623233333531396430653533653366346162633233663238386237
61326465643335316161363533306266343263663662326662646562323963323065613065633637
34623231303531353964376664626332613962383234386532366430323630343664633162316666
62643234323137653634303432613663623966356539303235336636383363373633333338353864
61373663376334313937346663383861626237313131633062373139613637656664616633396564
36323337313035653530346365396164306435646664653432653131316534393536326266326431
39663239643730626335613063663834323531306563383933376366373835353965663132666338
63626438643738633438363964343339616335633663643034376565376431373237366335386463
37633536623835653939663334373465333761313631303062666363613931303262376238623566
31386265616564333963373635653838303132353838373531393933363931653462626138346166
39343831656331323336653436616638343365396436313338353930346634393566623331333537
31363361313639373830323632646662333161643038636539646535666264383239646162386338
33323561356338646130613732356561346136363466303430386530393063636238373335653066
34396363323139333838363333643936323366373839313734623530396461666461623333306364
36396465393539343833323830306365356661613738643864626530646330326535393130646464
64326539363632656464636436333833653162623363626662633439366231393438363331383336
38346534396338653138386137343862643163666639306139643766366663313438316437633033
64643033323363373837326438393937653065393930626231626465346665636233373864363865
63326565323631636164373033323261303261643761306237343432386230323231393731383130
30396134313536306334663265613466313031626564633232663239653565663466613264613230
32383363616561613638313539613137636262363435306363363532336437343262653239326530
61313432383938373437633164383662613731656337623863346332633233633662636537663132
65373530313761363333613734323065643164366363343464653031343134396237366335313064
64633863346561373935313766313766663531343362636639303961623461353862303839303530
36353832393763666436623961643061343639616632303833383937653161343664643535383435
31323539303937343361343535333438313935333635643261346536356464326534353336386132
30363661646362353761663236656461383334393332616638366130373634366364646362313365
33346238316363303237613831393432363431303064636134633536356433383263643266613662
36383739646661363537616166333062383236383933333464353862373534333134633466636263
35623834376631636562323133643264353464656463343339343864653638653139383632313139
34386531303632653639643030626165646533623061343438336261396462336161376131613562
38613862613733343664356137326632343233323631623666636361363637653839333639636332
63313338633639323264646334336532326632393163386362373931363936326631373839303264
62333137633837623039366266336332333034343138646439373836636639316137383732303030
36386164653133646436366537623430666635303031623233386664626262643134396432663237
32363863613232343838333363616435323431623337306239633036653735313666303033653166
65356666366239316463323434623330366466366165643663373466363461613562616464356135
31376232363236633939643730353739356233656530636331326533656537383937643964393737
36646534326333343862
